protractor A_arm end
frame	score	x_target	y_target
0	Infinity	-0.31	9.81
1	380,9	-0.32	9.81
2	52,1	-0.32	9.84
3	105,5	-0.35	9.83
4	64,7	-0.41	9.76
5	105,2	-0.37	9.85
6	245,1	-0.39	9.84
7	255,3	-0.44	9.84
8	209,2	-0.49	9.84
9	58,0	-0.53	9.82
10	239,0	-0.59	9.82
11	164,1	-0.61	9.81
12	215,1	-0.66	9.81
13	200,2	-0.63	9.80
14	167,7	-0.67	9.80
15	384,2	-0.79	9.80
16	156,3	-0.80	9.81
17	48,2	-0.89	9.76
18	60,0	-0.98	9.77
19	56,6	-0.98	9.71
20	87,1	-1.10	9.77
21	116,9	-1.25	9.76
22	257,3	-1.46	9.73
23	143,6	-1.63	9.75
24	195,7	-1.86	9.67
25	233,4	-2.13	9.63
26	109,4	-2.39	9.53
27	321,2	-2.87	9.45
28	131,3	-3.39	9.29
29	59,4	-3.85	9.06
30	82,4	-4.44	8.80
31	110,4	-5.16	8.48
32	19,0	-5.83	7.91
33	29,7	-6.52	7.42
34	13,1	-7.27	6.77
35	8,3	-7.90	5.97
36	15,8	-8.52	5.08
37	3,1	-9.13	4.01
38	22,3	-9.48	2.88
39	3,0	-9.78	1.62
40	3,5	-9.92	0.27
41	10,5	-9.88	-1.14
42	7,4	-9.53	-2.54
43	2,4	-9.06	-3.85
44	6,6	-8.47	-5.05
45	4,8	-7.76	-6.07
46	8,6	-7.05	-6.95
47	12,5	-6.16	-7.66
48	4,1	-5.29	-8.31
49	4,7	-4.15	-8.92
50	2,5	-2.76	-9.54
51	3,9	-1.06	-9.95
52	4,9	0.76	-9.94
53	7,3	2.60	-9.58
54	8,9	4.36	-8.89
55	10,6	5.87	-7.78
56	17,4	7.30	-6.59
57	33,2	8.32	-5.18
58	20,6	8.94	-3.60
59	46,5	9.39	-2.01
60	56,0	9.57	-0.51
61	123,6	9.48	0.95
62	20,4	9.25	2.30
63	25,4	8.81	3.55
64	27,1	8.29	4.60
65	39,6	7.80	5.54
66	42,2	7.19	6.32
67	69,9	6.56	6.94
68	45,1	5.94	7.56
69	34,8	5.33	7.94
70	18,8	4.75	8.36
71	78,5	4.18	8.58
72	51,4	3.69	8.89
73	49,6	3.25	9.03
74	37,7	2.78	9.24
75	83,5	2.37	9.33
76	113,9	1.90	9.46
77	86,3	1.57	9.55
78	138,1	1.23	9.63
79	56,3	1.00	9.72
80	149,6	0.67	9.76
81	100,5	0.35	9.71
82	29,0	0.03	9.67
83	136,9	-0.26	9.80
84	145,3	-0.58	9.73
85	63,8	-0.96	9.72
86	46,1	-1.29	9.70
87	81,9	-1.64	9.65
88	165,5	-2.11	9.50
89	236,3	-2.54	9.47
90	165,9	-3.08	9.23
91	97,2	-3.57	9.07
92	305,0	-4.11	8.85
93	39,8	-4.70	8.61
94	87,5	-5.29	8.35
95	92,6	-5.91	7.91
96	31,3	-6.48	7.39
97	42,1	-7.15	6.87
98	33,3	-7.81	6.16
99	6,6	-8.34	5.27
100	14,1	-8.94	4.34
101	6,5	-9.39	3.19
102	6,8	-9.72	1.79
103	5,6	-10.01	0.31
104	3,4	-9.74	-1.35
105	6,6	-9.53	-2.95
106	5,9	-8.82	-4.60
107	3,9	-7.89	-6.28
108	0,1
109	0,0
110	0,0
111	0,0
112	0,0
113	0,0
114	0,0
115	0,0
116	0,0
117	2,2	6.92	-6.89
118	14,3	7.84	-6.26
119	6,8	8.49	-5.00
120	5,2	8.86	-3.71
121	4,1	9.36	-2.70
122	9,5	9.64	-1.43
123	9,8	9.48	-0.17
124	14,2	9.53	1.08
125	21,7	9.26	2.06
126	14,5	9.06	3.14
127	28,9	8.73	4.11
128	29,1	8.21	4.87
129	46,3	7.84	5.66
130	49,8	7.32	6.23
131	49,4	6.87	6.79
132	33,6	6.26	7.17
133	54,2	5.76	7.69
134	68,9	5.29	8.09
135	145,5	4.80	8.39
136	56,7	4.28	8.70
137	77,2	3.80	8.83
138	116,0	3.30	9.10
139	60,8	2.85	9.28
140	25,9	2.47	9.31
141	58,4	2.07	9.50
142	68,1	1.64	9.54
143	78,4	1.40	9.54
144	75,5	1.10	9.68
145	102,2	0.85	9.68
146	97,1	0.68	9.68
147	117,9	0.48	9.79
148	138,5	0.36	9.77
149	137,8	0.26	9.80
150	47,4	0.21	9.73
151	203,8	0.00	9.81
152	96,6	-0.05	9.81
153	132,6	-0.18	9.75
154	240,8	-0.27	9.74
155	164,6	-0.35	9.75
156	175,4	-0.48	9.74
157	79,3	-0.59	9.72
158	195,4	-0.71	9.72
159	119,3	-0.86	9.72
160	82,0	-0.86	9.77
161	91,5	-0.98	9.72
162	301,8	-1.17	9.71
163	61,0	-1.34	9.72
164	183,1	-1.47	9.72
165	102,1	-1.53	9.63
166	109,2	-1.70	9.62
167	82,1	-1.90	9.51
168	156,2	-2.01	9.52
169	215,9	-2.10	9.51
170	111,1	-2.21	9.59
171	135,2	-2.30	9.46
172	129,6	-2.46	9.48
173	173,7	-2.70	9.43
174	94,5	-3.00	9.33
175	100,7	-3.39	9.25
176	91,0	-3.79	9.05
177	73,1	-4.20	8.89
178	98,0	-4.63	8.74
179	117,1	-5.19	8.47
180	99,1	-5.69	8.14
181	25,5	-6.31	7.68
182	24,0	-6.81	7.16
183	13,5	-7.46	6.51
184	8,1	-8.05	5.70
185	13,1	-8.69	4.81
186	16,9	-9.17	3.76
187	4,4	-9.57	2.55
188	7,7	-9.96	1.20
189	4,3	-9.92	-0.34
190	3,1	-9.73	-1.93
191	2,2	-9.25	-3.55
192	6,1	-8.46	-5.18
193	4,4	-7.38	-6.64
194	1,8	-5.97	-7.95
195	2,2	-4.31	-8.91
196	6,6	-2.59	-9.51
197	3,3	-0.79	-9.86
198	3,2	0.96	-9.83
199	8,3	2.48	-9.58
